Symbol: Au
Lattice_type: HexagonalClosedPacked
calculator: <asap.RGL object at 0x0x553ca0>
size: (28, 28, 28)
directions: []
miller: []
Lattice Constant Parameters: ['a', 'c']

Lattice Constant Results: 

Lattice constant (a,c)/Ang: Energy/eV
----------------------------------------------
(2.0, 3.0): 57.27546471426221
(2.0, 3.1): 51.265118173632004
(2.0, 3.2): 46.072267795330895
(2.0, 3.3): 41.59547898202538
(2.0, 3.4): 37.74432102422006
(2.0, 3.5): 34.43836103034756
(2.0, 3.6): 31.606261670743567
(2.0, 3.7): 29.184951178088127
(2.0, 3.8): 27.118848970677668
(2.0, 3.9): 25.359139054586148
(2.0, 4.0): 23.86308823365686
(2.0, 4.1): 22.593408578019083
(2.0, 4.2): 21.517664536694316
(2.0, 4.3): 20.607725152627435
(2.0, 4.4): 19.83926145682273
(2.0, 4.5): 19.191288535422817
(2.0, 4.6): 18.64575113936161
(2.0, 4.7): 18.1871511329662
(2.0, 4.8): 17.802214603608533
(2.0, 4.9): 17.479596101300533
(2.0, 5.0): 17.209617244902216
(2.0, 5.1): 16.98403681244301
(2.0, 5.2): 16.795849410324735
(2.0, 5.3): 16.639109871612703
(2.0, 5.4): 16.508780648844667
(2.0, 5.5): 16.400599624232026
(2.0, 5.6): 16.310965944742293
(2.0, 5.7): 16.236841689019638
(2.0, 5.8): 16.175667377199005
(2.0, 5.9): 16.12528953624711
(2.0, 6.0): 16.083898727112217
(2.1, 3.0): 42.85639209760243
(2.1, 3.1): 37.80225330550447
(2.1, 3.2): 33.43165785819708
(2.1, 3.3): 29.661112357885447
(2.1, 3.4): 26.415964704013142
(2.1, 3.5): 23.62959253666343
(2.1, 3.6): 21.24269561382056
(2.1, 3.7): 19.202654978558247
(2.1, 3.8): 17.462938318925282
(2.1, 3.9): 15.982541038217636
(2.1, 4.0): 14.725458490789787
(2.1, 4.1): 13.660188099961637
(2.1, 4.2): 12.75926165725427
(2.1, 4.3): 11.998808661268619
(2.1, 4.4): 11.35815151848926
(2.1, 4.5): 10.819433075826188
(2.1, 4.6): 10.367276462436788
(2.1, 4.7): 9.988476699091223
(2.1, 4.8): 9.671723052858097
(2.1, 4.9): 9.4073507109526
(2.1, 5.0): 9.187120036281195
(2.1, 5.1): 9.004021451658724
(2.1, 5.2): 8.852103874072709
(2.1, 5.3): 8.726324573571384
(2.1, 5.4): 8.622418349404787
(2.1, 5.5): 8.536783985114969
(2.1, 5.6): 8.4663860502876
(2.1, 5.7): 8.408670247289963
(2.1, 5.8): 8.361490646857401
(2.1, 5.9): 8.323047307566101
(2.1, 6.0): 8.291832925679127
(2.2, 3.0): 32.07930032417203
(2.2, 3.1): 27.84689162804931
(2.2, 3.2): 24.18461256631992
(2.2, 3.3): 21.023807473037827
(2.2, 3.4): 18.302959744973073
(2.2, 3.5): 15.96701168525903
(2.2, 3.6): 13.966794726671827
(2.2, 3.7): 12.25852746383222
(2.2, 3.8): 10.803356800868649
(2.2, 3.9): 9.566928755083621
(2.2, 4.0): 8.518982318599392
(2.2, 4.1): 7.632963796340436
(2.2, 4.2): 6.885661229505816
(2.2, 4.3): 6.256859555667524
(2.2, 4.4): 5.729017494630488
(2.2, 4.5): 5.286967075298923
(2.2, 4.6): 4.917636422448194
(2.2, 4.7): 4.609796026037663
(2.2, 4.8): 4.35382829818268
(2.2, 4.9): 4.141519832278771
(2.2, 5.0): 3.9658754434327115
(2.2, 5.1): 3.8209528033695204
(2.2, 5.2): 3.701716290198192
(2.2, 5.3): 3.6039085512955062
(2.2, 5.4): 3.523938218674852
(2.2, 5.5): 3.458782210987174
(2.2, 5.6): 3.405901093795079
(2.2, 5.7): 3.3631660395769276
(2.2, 5.8): 3.328796020985327
(2.2, 5.9): 3.3013039768630157
(2.2, 6.0): 3.2794508034458287
(2.3, 3.0): 23.928340712707485
(2.3, 3.1): 20.400300544859522
(2.3, 3.2): 17.346671994695868
(2.3, 3.3): 14.711012598331559
(2.3, 3.4): 12.44269269748403
(2.3, 3.5): 10.496299363308935
(2.3, 3.6): 8.831160616609916
(2.3, 3.7): 7.41094247399282
(2.3, 3.8): 6.203290273011697
(2.3, 3.9): 5.179497864928208
(2.3, 4.0): 4.314195887251162
(2.3, 4.1): 3.5850549796640316
(2.3, 4.2): 2.972502523652019
(2.3, 4.3): 2.459452960060678
(2.3, 4.4): 2.0310524290881475
(2.3, 4.5): 1.6744386852102764
(2.3, 4.6): 1.3785171620461674
(2.3, 4.7): 1.1337538278312354
(2.3, 4.8): 0.931985164319399
(2.3, 4.9): 0.7662452752345662
(2.3, 5.0): 0.6306098197503116
(2.3, 5.1): 0.5200561936017138
(2.3, 5.2): 0.4303391573126024
(2.3, 5.3): 0.35788094259215897
(2.3, 5.4): 0.29967475384232184
(2.3, 5.5): 0.25320051786170955
(2.3, 5.6): 0.21635171471477174
(2.3, 5.7): 0.18737213860025032
(2.3, 5.8): 0.16480148127145752
(2.3, 5.9): 0.14742869437796285
(2.3, 6.0): 0.134252164057569
(2.4, 3.0): 17.694510609660824
(2.4, 3.1): 14.768288553788716
(2.4, 3.2): 12.235969267933925
(2.4, 3.3): 10.051116725134795
(2.4, 3.4): 8.17208472825479
(2.4, 3.5): 6.5614706025374865
(2.4, 3.6): 5.185700512498849
(2.4, 3.7): 4.0146947313645525
(2.4, 3.8): 3.021580907021422
(2.4, 3.9): 2.182436208382531
(2.4, 4.0): 1.4760474663433851
(2.4, 4.1): 0.8836835884140781
(2.4, 4.2): 0.3888776729291199
(2.4, 4.3): -0.022781917396448314
(2.4, 4.4): -0.3638512713969173
(2.4, 4.5): -0.6452207241293271
(2.4, 4.6): -0.87629388860725
(2.4, 4.7): -1.0651551486699684
(2.4, 4.8): -1.2187250138539791
(2.4, 4.9): -1.3429029688322878
(2.4, 5.0): -1.4426976994381902
(2.4, 5.1): -1.5223448194624498
(2.4, 5.2): -1.5854124408760162
(2.4, 5.3): -1.6348951145005863
(2.4, 5.4): -1.673296813076894
(2.4, 5.5): -1.702703732723126
(2.4, 5.6): -1.7248477535107196
(2.4, 5.7): -1.7411614292944568
(2.4, 5.8): -1.7528253762426491
(2.4, 5.9): -1.7608089047826296
(2.4, 6.0): -1.7659046969290115
(2.5, 3.0): 12.879195565127674
(2.5, 3.1): 10.465279111609595
(2.5, 3.2): 8.377781755673412
(2.5, 3.3): 6.578430051798857
(2.5, 3.4): 5.032958860881773
(2.5, 3.5): 3.710590891027238
(2.5, 3.6): 2.583659223047021
(2.5, 3.7): 1.6273176830095724
(2.5, 3.8): 0.8193042195931632
(2.5, 3.9): 0.13973581916937147
(2.5, 4.0): -0.42907780548286406
(2.5, 4.1): -0.9028089464712492
(2.5, 4.2): -1.2952787566823238
(2.5, 4.3): -1.618617813931918
(2.5, 4.4): -1.8834207439554183
(2.5, 4.5): -2.0988945878925556
(2.5, 4.6): -2.2730002930508784
(2.5, 4.7): -2.4125866207457567
(2.5, 4.8): -2.523515814336644
(2.5, 4.9): -2.610780498093144
(2.5, 5.0): -2.6786114464674933
(2.5, 5.1): -2.730576049005265
(2.5, 5.2): -2.769667481169723
(2.5, 5.3): -2.798384763354794
(2.5, 5.4): -2.8188040406494106
(2.5, 5.5): -2.832641539033627
(2.5, 5.6): -2.841308746869624
(2.5, 5.7): -2.845960433697697
(2.5, 5.8): -2.8475361532289227
(2.5, 5.9): -2.846795887377081
(2.5, 6.0): -2.8443504774741526
(2.6, 3.0): 9.128494252615322
(2.6, 3.1): 7.148956662126184
(2.6, 3.2): 5.439461836234952
(2.6, 3.3): 3.9683684261688983
(2.6, 3.4): 2.7074514806837424
(2.6, 3.5): 1.6313919488986657
(2.6, 3.6): 0.7174197183426385
(2.6, 3.7): -0.05494771872104668
(2.6, 3.8): -0.7041081761504586
(2.6, 3.9): -1.2465426972598466
(2.6, 4.0): -1.696962861837707
(2.6, 4.1): -2.0684459610773467
(2.6, 4.2): -2.3725627661735724
(2.6, 4.3): -2.619500269724098
(2.6, 4.4): -2.818180357622609
(2.6, 4.5): -2.9763745454547945
(2.6, 4.6): -3.100814470099928
(2.6, 4.7): -3.1972976224812766
(2.6, 4.8): -3.270787750369972
(2.6, 4.9): -3.3255093933918793
(2.6, 5.0): -3.3650361000576337
(2.6, 5.1): -3.392371995374519
(2.6, 5.2): -3.4100265018859743
(2.6, 5.3): -3.420082155007003
(2.6, 5.4): -3.4242555865064954
(2.6, 5.5): -3.423951870667037
(2.6, 5.6): -3.4203125308237623
(2.6, 5.7): -3.4142575862762925
(2.6, 5.8): -3.4065220793588034
(2.6, 5.9): -3.3976875602319185
(2.6, 6.0): -3.3882090242120335
(2.7, 3.0): 6.1884287372205495
(2.7, 3.1): 4.5756761156081165
(2.7, 3.2): 3.186018173470528
(2.7, 3.3): 1.9931838606315655
(2.7, 3.4): 0.9738734303465848
(2.7, 3.5): 0.10724802149824048
(2.7, 3.6): -0.6254179313896652
(2.7, 3.7): -1.2409815169812815
(2.7, 3.8): -1.7546124817502982
(2.7, 3.9): -2.1799357166235134
(2.7, 4.0): -2.5291507987177657
(2.7, 4.1): -2.8131381606222523
(2.7, 4.2): -3.041557489661456
(2.7, 4.3): -3.2229414349274257
(2.7, 4.4): -3.3647861312321377
(2.7, 4.5): -3.4736391041764234
(2.7, 4.6): -3.5551845757333025
(2.7, 4.7): -3.6143258973315353
(2.7, 4.8): -3.6552647016366007
(2.7, 4.9): -3.6815763247818873
(2.7, 5.0): -3.6962810706658407
(2.7, 5.1): -3.7019109457134713
(2.7, 5.2): -3.7005715722887387
(2.7, 5.3): -3.693999082497428
(2.7, 5.4): -3.6836118942446396
(2.7, 5.5): -3.6705573717869218
(2.7, 5.6): -3.6557534682500554
(2.7, 5.7): -3.6399255327390487
(2.7, 5.8): -3.6236385361722894
(2.7, 5.9): -3.6073250253927567
(2.7, 6.0): -3.591309153690839
(2.8, 3.0): 3.874359668185539
(2.8, 3.1): 2.570010326277792
(2.8, 3.2): 1.4497723777810436
(2.8, 3.3): 0.49171188098352037
(2.8, 3.4): -0.3234668639367377
(2.8, 3.5): -1.0129372081586638
(2.8, 3.6): -1.5920953628830392
(2.8, 3.7): -2.0747966019146142
(2.8, 3.8): -2.4735230039116565
(2.8, 3.9): -2.7995090404583634
(2.8, 4.0): -3.0628417896653124
(2.8, 4.1): -3.272546241176328
(2.8, 4.2): -3.4366620239808454
(2.8, 4.3): -3.5623152225090613
(2.8, 4.4): -3.6557872607764375
(2.8, 4.5): -3.7225817944004658
(2.8, 4.6): -3.7674899292642494
(2.8, 4.7): -3.7946537304474255
(2.8, 4.8): -3.807627795472445
(2.8, 4.9): -3.809438577210338
(2.8, 5.0): -3.802641114103031
(2.8, 5.1): -3.789372835134373
(2.8, 5.2): -3.7714041408696564
(2.8, 5.3): -3.7501855121952765
(2.8, 5.4): -3.726890960497844
(2.8, 5.5): -3.7024577027943324
(2.8, 5.6): -3.677622018935662
(2.8, 5.7): -3.6529513214749256
(2.8, 5.8): -3.6288725377186206
(2.8, 5.9): -3.605696964613766
(2.8, 6.0): -3.583641807338455
(2.9, 3.0): 2.0500751572651064
(2.9, 3.1): 1.003936934695756
(2.9, 3.2): 0.10962283496414287
(2.9, 3.3): -0.6513042133966703
(2.9, 3.4): -1.2948918885708411
(2.9, 3.5): -1.8353223998408459
(2.9, 3.6): -2.2852593109164214
(2.9, 3.7): -2.6560801283447053
(2.9, 3.8): -2.9580363011846154
(2.9, 3.9): -3.200367920363269
(2.9, 4.0): -3.391390747977439
(2.9, 4.1): -3.5385667602719293
(2.9, 4.2): -3.6485651288502576
(2.9, 4.3): -3.7273177876653936
(2.9, 4.4): -3.7800719532433855
(2.9, 4.5): -3.811440848922878
(2.9, 4.6): -3.8254532022378775
(2.9, 4.7): -3.8256016826488515
(2.9, 4.8): -3.814890220394829
(2.9, 4.9): -3.7958800276000173
(2.9, 5.0): -3.770734086524273
(2.9, 5.1): -3.7412598505760224
(2.9, 5.2): -3.7089499065908917
(2.9, 5.3): -3.675020364591
(2.9, 5.4): -3.6404467699469065
(2.9, 5.5): -3.6059973711503277
(2.9, 5.6): -3.5722636224309556
(2.9, 5.7): -3.5396878523612814
(2.9, 5.8): -3.508588084446635
(2.9, 5.9): -3.4791800503735537
(2.9, 6.0): -3.4515964876771466
(3.0, 3.0): 0.6134706158866473
(3.0, 3.1): -0.21739990786254634
(3.0, 3.2): -0.9231314286863833
(3.0, 3.3): -1.5193428528385646
(3.0, 3.4): -2.019450230385696
(3.0, 3.5): -2.435199284216441
(3.0, 3.6): -2.777015762042524
(3.0, 3.7): -3.054237320767237
(3.0, 3.8): -3.2752693949764033
(3.0, 3.9): -3.4476930768061136
(3.0, 4.0): -3.578343292662463
(3.0, 4.1): -3.6733690248627666
(3.0, 4.2): -3.738282976359142
(3.0, 4.3): -3.778005214978404
(3.0, 4.4): -3.7969034783353828
(3.0, 4.5): -3.7988316408379776
(3.0, 4.6): -3.787167112270423
(3.0, 4.7): -3.7648474972761785
(3.0, 4.8): -3.734406590849539
(3.0, 4.9): -3.6980096450686584
(3.0, 5.0): -3.657487770265456
(3.0, 5.1): -3.6143713000275577
(3.0, 5.2): -3.569921936536512
(3.0, 5.3): -3.525163491594272
(3.0, 5.4): -3.480911045468732
(3.0, 5.5): -3.4377983592413615
(3.0, 5.6): -3.3963033970964243
(3.0, 5.7): -3.356771842845763
(3.0, 5.8): -3.319438529412635
(3.0, 5.9): -3.2844467394632204
(3.0, 6.0): -3.2518653773045134
(3.1, 3.0): -0.5132809462315301
(3.1, 3.1): -1.1654440541106499
(3.1, 3.2): -1.7144888480637566
(3.1, 3.3): -2.173760641332553
(3.1, 3.4): -2.5545430889114247
(3.1, 3.5): -2.8665986671103023
(3.1, 3.6): -3.1185230831544537
(3.1, 3.7): -3.3179779064082933
(3.1, 3.8): -3.4718444439421052
(3.1, 3.9): -3.5863274258161537
(3.1, 4.0): -3.6670272752358133
(3.1, 4.1): -3.7189931435401204
(3.1, 4.2): -3.7467644782160643
(3.1, 4.3): -3.7544059686771583
(3.1, 4.4): -3.7455388018352447
(3.1, 4.5): -3.723369928898906
(3.1, 4.6): -3.6907202705506883
(3.1, 4.7): -3.650052314604736
(3.1, 4.8): -3.6034972820124005
(3.1, 4.9): -3.552881881401084
(3.1, 5.0): -3.4997545903727194
(3.1, 5.1): -3.445411361731955
(3.1, 5.2): -3.3909206346440093
(3.1, 5.3): -3.337147522895612
(3.1, 5.4): -3.284777049363539
(3.1, 5.5): -3.234336295795451
(3.1, 5.6): -3.186215340444407
(3.1, 5.7): -3.1406868643900676
(3.1, 5.8): -3.0979243217140033
(3.1, 5.9): -3.058018589486016
(3.1, 6.0): -3.0209930402052003
(3.2, 3.0): -1.3905000099952078
(3.2, 3.1): -1.8949258063020622
(3.2, 3.2): -2.3143889026653772
(3.2, 3.3): -2.6603951049838233
(3.2, 3.4): -2.9424973619288735
(3.2, 3.5): -3.16884285865949
(3.2, 3.6): -3.346531145096771
(3.2, 3.7): -3.481847987291254
(3.2, 3.8): -3.5804183572696626
(3.2, 3.9): -3.6473075043787535
(3.2, 4.0): -3.6870892358514897
(3.2, 4.1): -3.7038939058162046
(3.2, 4.2): -3.7014441612263878
(3.2, 4.3): -3.6830835282403136
(3.2, 4.4): -3.6518009683956247
(3.2, 4.5): -3.610253264378834
(3.2, 4.6): -3.560786286563084
(3.2, 4.7): -3.5054556899243847
(3.2, 4.8): -3.4460472910575803
(3.2, 4.9): -3.3840972043399087
(3.2, 5.0): -3.3209117257453498
(3.2, 5.1): -3.2575869089593303
(3.2, 5.2): -3.195027759713209
(3.2, 5.3): -3.133966966787521
(3.2, 5.4): -3.0749830845050603
(3.2, 5.5): -3.018518077995622
(3.2, 5.6): -2.9648941388804824
(3.2, 5.7): -2.9143296760668886
(3.2, 5.8): -2.8669543863970484
(3.2, 5.9): -2.8228233143883186
(3.2, 6.0): -2.7819298207869054
(3.3, 3.0): -2.0656886989550713
(3.3, 3.1): -2.4484786935072216
(3.3, 3.2): -2.761274192136813
(3.3, 3.3): -3.0140852923796584
(3.3, 3.4): -3.215055338140091
(3.3, 3.5): -3.371012993976069
(3.3, 3.6): -3.487833260289295
(3.3, 3.7): -3.570672397942569
(3.3, 3.8): -3.624120443747247
(3.3, 3.9): -3.652300515044065
(3.3, 4.0): -3.6589342734923154
(3.3, 4.1): -3.647386272503922
(3.3, 4.2): -3.620695440199908
(3.3, 4.3): -3.5815989595895528
(3.3, 4.4): -3.5325518261299265
(3.3, 4.5): -3.475744065704782
(3.3, 4.6): -3.413116761337928
(3.3, 4.7): -3.346377512080974
(3.3, 4.8): -3.277015628404831
(3.3, 4.9): -3.2063171833868385
(3.3, 5.0): -3.135379939038971
(3.3, 5.1): -3.0651281188883166
(3.3, 5.2): -2.996326978751256
(3.3, 5.3): -2.9295971226927113
(3.3, 5.4): -2.8654285110680986
(3.3, 5.5): -2.804194107160814
(3.3, 5.6): -2.7461631060544014
(3.3, 5.7): -2.6915136841271816
(3.3, 5.8): -2.6403452012045268
(3.3, 5.9): -2.592689782196563
(3.3, 6.0): -2.5485232030003018
(3.4, 3.0): -2.576800188624216
(3.4, 3.1): -2.859838944409631
(3.4, 3.2): -3.0852354131312687
(3.4, 3.3): -3.2617745894708188
(3.4, 3.4): -3.396445245278104
(3.4, 3.5): -3.49499532064744
(3.4, 3.6): -3.562294768509169
(3.4, 3.7): -3.6025710454705417
(3.4, 3.8): -3.6195611170914708
(3.4, 3.9): -3.6166093441083684
(3.4, 4.0): -3.5967307776343986
(3.4, 4.1): -3.5626527368246688
(3.4, 4.2): -3.5168430596168414
(3.4, 4.3): -3.46153041371857
(3.4, 4.4): -3.3987200577879433
(3.4, 4.5): -3.3302071282808106
(3.4, 4.6): -3.257588674590607
(3.4, 4.7): -3.182275122987323
(3.4, 4.8): -3.10550151493508
(3.4, 4.9): -3.028338667355387
(3.4, 5.0): -2.9517042927730017
(3.4, 5.1): -2.8763740631156787
(3.4, 5.2): -2.802992579672488
(3.4, 5.3): -2.732084207965353
(3.4, 5.4): -2.6640637400477267
(3.4, 5.5): -2.5992468514013423
(3.4, 5.6): -2.537860321925172
(3.4, 5.7): -2.480051988665643
(3.4, 5.8): -2.4259003925972706
(3.4, 5.9): -2.3754240740116286
(3.4, 6.0): -2.3285904629871768
(3.5, 3.0): -2.9545409192150647
(3.5, 3.1): -3.1560799706414273
(3.5, 3.2): -3.310192227319775
(3.5, 3.3): -3.4246493362764534
(3.5, 3.4): -3.5054867806052745
(3.5, 3.5): -3.557561075630761
(3.5, 3.6): -3.584913347530639
(3.5, 3.7): -3.5910047099437206
(3.5, 3.8): -3.5788674575263
(3.5, 3.9): -3.5512015573578575
(3.5, 4.0): -3.5104360640905723
(3.5, 4.1): -3.4587684227692805
(3.5, 4.2): -3.3981901357450295
(3.5, 4.3): -3.3305042614811207
(3.5, 4.4): -3.2573382088344744
(3.5, 4.5): -3.180153966862712
(3.5, 4.6): -3.100257046768312
(3.5, 4.7): -3.0188048590106042
(3.5, 4.8): -2.936814902313221
(3.5, 4.9): -2.8551729327584026
(3.5, 5.0): -2.7746411626532685
(3.5, 5.1): -2.6958664781052195
(3.5, 5.2): -2.619388639123938
(3.5, 5.3): -2.54564842137914
(3.5, 5.4): -2.47499566428814
(3.5, 5.5): -2.4076971989404785
(3.5, 5.6): -2.3439446370760506
(3.5, 5.7): -2.283862006536712
(3.5, 5.8): -2.227513218148409
(3.5, 5.9): -2.174909344391483
(3.5, 6.0): -2.126015682333654
(3.6, 3.0): -3.2240121213876285
(3.6, 3.1): -3.359189270783757
(3.6, 3.2): -3.4554182808426064
(3.6, 3.3): -3.5196223061363243
(3.6, 3.4): -3.5570414457615573
(3.6, 3.5): -3.571790508009131
(3.6, 3.6): -3.567222321085106
(3.6, 3.7): -3.546162274936059
(3.6, 3.8): -3.511058267362931
(3.6, 3.9): -3.464075626667331
(3.6, 4.0): -3.407156697862446
(3.6, 4.1): -3.3420581050110667
(3.6, 4.2): -3.2703742109411644
(3.6, 4.3): -3.1935522857683076
(3.6, 4.4): -3.112902890145884
(3.6, 4.5): -3.0296076528718086
(3.6, 4.6): -2.9447257545535064
(3.6, 4.7): -2.859199869424631
(3.6, 4.8): -2.7738619642012607
(3.6, 4.9): -2.6894391369742956
(3.6, 5.0): -2.606559553686695
(3.6, 5.1): -2.525758472977246
(3.6, 5.2): -2.4474843204250596
(3.6, 5.3): -2.372104766029493
(3.6, 5.4): -2.2999127638188783
(3.6, 5.5): -2.231132523114206
(3.6, 5.6): -2.1659253925560065
(3.6, 5.7): -2.104395647356188
(3.6, 5.8): -2.046596175790889
(3.6, 5.9): -1.992534061812742
(3.6, 6.0): -1.9421760572062952
(3.7, 3.0): -3.405898396686745
(3.7, 3.1): -3.4871962926697946
(3.7, 3.2): -3.536619703230078
(3.7, 3.3): -3.5603711467600494
(3.7, 3.4): -3.5630185376436816
(3.7, 3.5): -3.548052640093521
(3.7, 3.6): -3.518249294405263
(3.7, 3.7): -3.475902458699634
(3.7, 3.8): -3.42297243286162
(3.7, 3.9): -3.361178934151929
(3.7, 4.0): -3.292058757887805
(3.7, 4.1): -3.2170010592462077
(3.7, 4.2): -3.1372687928889564
(3.7, 4.3): -3.0540118366036615
(3.7, 4.4): -2.9682753211129187
(3.7, 4.5): -2.88100536326578
(3.7, 4.6): -2.7930535319612413
(3.7, 4.7): -2.70518081510823
(3.7, 4.8): -2.6180614997384275
(3.7, 4.9): -2.5322871576437227
(3.7, 5.0): -2.448370798924917
(3.7, 5.1): -2.3667511844907874
(3.7, 5.2): -2.2877972548049
(3.7, 5.3): -2.211812621672571
(3.7, 5.4): -2.1390400731288732
(3.7, 5.5): -2.0696660518888956
(3.7, 5.6): -2.0038250808528253
(3.7, 5.7): -1.9416041218077669
(3.7, 5.8): -1.8830468635530266
(3.7, 5.9): -1.8281579420460823
(3.7, 6.0): -1.776907097216827
(3.8, 3.0): -3.517343971788508
(3.8, 3.1): -3.554992464138149
(3.8, 3.2): -3.5667089216271854
(3.8, 3.3): -3.558074254306754
(3.8, 3.4): -3.533079902503856
(3.8, 3.5): -3.494684511191143
(3.8, 3.6): -3.445174505330967
(3.8, 3.7): -3.3863950905168383
(3.8, 3.8): -3.319896310714143
(3.8, 3.9): -3.2470239625591235
(3.8, 4.0): -3.168975152525601
(3.8, 4.1): -3.0868315471480834
(3.8, 4.2): -3.001578850970298
(3.8, 4.3): -2.9141180324084583
(3.8, 4.4): -2.8252718153234584
(3.8, 4.5): -2.7357886325228047
(3.8, 4.6): -2.6463453726274553
(3.8, 4.7): -2.557549692482796
(3.8, 4.8): -2.4699423116908155
(3.8, 4.9): -2.3839994850680046
(3.8, 5.0): -2.300135717014254
(3.8, 5.1): -2.218706707822985
(3.8, 5.2): -2.140012485313979
(3.8, 5.3): -2.0643006619393622
(3.8, 5.4): -1.9917697585006133
(3.8, 5.5): -1.9225725446536204
(3.8, 5.6): -1.8568193591698106
(3.8, 5.7): -1.7945813866794125
(3.8, 5.8): -1.7358938802756985
(3.8, 5.9): -1.6807593294958405
(3.8, 6.0): -1.6291505799830535
(3.9, 3.0): -3.5726117393567542
(3.9, 3.1): -3.5749388669499607
(3.9, 3.2): -3.5563696944662206
(3.9, 3.3): -3.521940448743359
(3.9, 3.4): -3.475140303533249
(3.9, 3.5): -3.4184672483236724
(3.9, 3.6): -3.353786742242102
(3.9, 3.7): -3.282560307860123
(3.9, 3.8): -3.2059890615240265
(3.9, 3.9): -3.1251021672388095
(3.9, 4.0): -3.040810080274252
(3.9, 4.1): -2.9539356511166406
(3.9, 4.2): -2.8652316164399547
(3.9, 4.3): -2.775389978949554
(3.9, 4.4): -2.6850467747254285
(3.9, 4.5): -2.594784408425101
(3.9, 4.6): -2.5051328764893035
(3.9, 4.7): -2.4165706433014407
(3.9, 4.8): -2.329525582520302
(3.9, 4.9): -2.2443761767208517
(3.9, 5.0): -2.1614530370340104
(3.9, 5.1): -2.081040729877731
(3.9, 5.2): -2.003379859961553
(3.9, 5.3): -1.928669343719281
(3.9, 5.4): -1.857068806556735
(3.9, 5.5): -1.788701044674261
(3.9, 5.6): -1.72365450398128
(3.9, 5.7): -1.661985742095562
(3.9, 5.8): -1.6037218527995931
(3.9, 5.9): -1.5488628443421955
(3.9, 6.0): -1.4973839727462346
(4.0, 3.0): -3.583589430968166
(4.0, 3.1): -3.557326046509126
(4.0, 3.2): -3.514478097279342
(4.0, 3.3): -3.45959747837254
(4.0, 3.4): -3.3957287576824027
(4.0, 3.5): -3.3249646689356287
(4.0, 3.6): -3.2488029008824935
(4.0, 3.7): -3.168372132411855
(4.0, 3.8): -3.084572797135196
(4.0, 3.9): -2.9981628323955523
(4.0, 4.0): -2.909808404914877
(4.0, 4.1): -2.8201127258660974
(4.0, 4.2): -2.7296314797303416
(4.0, 4.3): -2.638880346546159
(4.0, 4.4): -2.548338088162475
(4.0, 4.5): -2.458447352267478
(4.0, 4.6): -2.369614492261229
(4.0, 4.7): -2.2822091508775952
(4.0, 4.8): -2.1965640074083623
(4.0, 4.9): -2.1129748726756694
(4.0, 5.0): -2.0317011867664387
(4.0, 5.1): -1.952966901127035
(4.0, 5.2): -1.876961688889442
(4.0, 5.3): -1.8038424118240828
(4.0, 5.4): -1.7337347705709176
(4.0, 5.5): -1.6667350710215305
(4.0, 5.6): -1.602912050353403
(4.0, 5.7): -1.542308718815957
(4.0, 5.8): -1.484944186448476
(4.0, 5.9): -1.4308154563263888
(4.0, 6.0): -1.3798991769749673
(4.1, 3.0): -3.5601865268029815
(4.1, 3.1): -3.5107295263194898
(4.1, 3.2): -3.448423105048778
(4.1, 3.3): -3.3773831441002433
(4.1, 3.4): -3.300254823221264
(4.1, 3.5): -3.2187686173848173
(4.1, 3.6): -3.134095624150901
(4.1, 3.7): -3.0470711311136376
(4.1, 3.8): -2.958332531329692
(4.1, 3.9): -2.8684022091076247
(4.1, 4.0): -2.777735578823923
(4.1, 4.1): -2.686747468528763
(4.1, 4.2): -2.595825387678707
(4.1, 4.3): -2.505335141130643
(4.1, 4.4): -2.41562222935745
(4.1, 4.5): -2.32701115565606
(4.1, 4.6): -2.2398039083492027
(4.1, 4.7): -2.154278340985829
(4.1, 4.8): -2.070686830738773
(4.1, 4.9): -1.9892553842729057
(4.1, 5.0): -1.9101832348264383
(4.1, 5.1): -1.8336429034619157
(4.1, 5.2): -1.759780661274099
(4.1, 5.3): -1.6887173145935368
(4.1, 5.4): -1.6205492335534848
(4.1, 5.5): -1.5553495501622312
(4.1, 5.6): -1.4931694619644924
(4.1, 5.7): -1.4340395891736313
(4.1, 5.8): -1.377971345553305
(4.1, 5.9): -1.324958295404452
(4.1, 6.0): -1.2749774801778684
(4.2, 3.0): -3.510651568896129
(4.2, 3.1): -3.442290511911044
(4.2, 3.2): -3.3643561970416482
(4.2, 3.3): -3.2805684930166676
(4.2, 3.4): -3.193209365223987
(4.2, 3.5): -3.1036806761555717
(4.2, 3.6): -3.012858805093135
(4.2, 3.7): -2.9213161025334387
(4.2, 3.8): -2.829456053834064
(4.2, 3.9): -2.737593255802479
(4.2, 4.0): -2.645998660075802
(4.2, 4.1): -2.5549234053150487
(4.2, 4.2): -2.464609821621651
(4.2, 4.3): -2.3752950654779896
(4.2, 4.4): -2.2872107983281658
(4.2, 4.5): -2.2005809946725567
(4.2, 4.6): -2.1156191128490476
(4.2, 4.7): -2.032525320635932
(4.2, 4.8): -1.9514841303290904
(4.2, 4.9): -1.8726625922642293
(4.2, 5.0): -1.7962090748808976
(4.2, 5.1): -1.722252592231845
(4.2, 5.2): -1.650902606320066
(4.2, 5.3): -1.5822492187395416
(4.2, 5.4): -1.51636366532473
(4.2, 5.5): -1.453299033775693
(4.2, 5.6): -1.3930911340159005
(4.2, 5.7): -1.3357594625085625
(4.2, 5.8): -1.2813082135835347
(4.2, 5.9): -1.2297273023831423
(4.2, 6.0): -1.1809933748305623
(4.3, 3.0): -3.441830208600781
(4.3, 3.1): -3.3579418217413655
(4.3, 3.2): -3.267389858882858
(4.3, 3.3): -3.1735328833781407
(4.3, 3.4): -3.078319589669538
(4.3, 3.5): -2.9828500723371683
(4.3, 3.6): -2.8877308323792117
(4.3, 3.7): -2.7932947482814274
(4.3, 3.8): -2.699733786401089
(4.3, 3.9): -2.607176157213207
(4.3, 4.0): -2.515728736201722
(4.3, 4.1): -2.4254982666889333
(4.3, 4.2): -2.3366000127924047
(4.3, 4.3): -2.2491593397110097
(4.3, 4.4): -2.163309618215847
(4.3, 4.5): -2.079188507269535
(4.3, 4.6): -1.9969338116778637
(4.3, 4.7): -1.9166795723735615
(4.3, 4.8): -1.8385527139216773
(4.3, 4.9): -1.7626703734600428
(4.3, 5.0): -1.6891379194094251
(4.3, 5.1): -1.6180476054883035
(4.3, 5.2): -1.5494777754776479
(4.3, 5.3): -1.4834925238760668
(4.3, 5.4): -1.4201417186359016
(4.3, 5.5): -1.3594612995243758
(4.3, 5.6): -1.3014737760818837
(4.3, 5.7): -1.246188860701166
(4.3, 5.8): -1.193604184084956
(4.3, 5.9): -1.1437060514884754
(4.3, 6.0): -1.0964702085760867
(4.4, 3.0): -3.3593780848675916
(4.4, 3.1): -3.262592768958873
(4.4, 3.2): -3.161758465546882
(4.4, 3.3): -3.059904259753918
(4.4, 3.4): -2.958671605986602
(4.4, 3.5): -2.8588810057665035
(4.4, 3.6): -2.760888802832719
(4.4, 3.7): -2.6648065750950383
(4.4, 3.8): -2.5706319057465206
(4.4, 3.9): -2.4783229617535665
(4.4, 4.0): -2.387838165803243
(4.4, 4.1): -2.299154751056469
(4.4, 4.2): -2.212275003580528
(4.4, 4.3): -2.1272257206646144
(4.4, 4.4): -2.0440542833361444
(4.4, 4.5): -1.9628233731564229
(4.4, 4.6): -1.8836054960834605
(4.4, 4.7): -1.8064779353226177
(4.4, 4.8): -1.7315184248149553
(4.4, 4.9): -1.658801639338551
(4.4, 5.0): -1.5883964863529816
(4.4, 5.1): -1.5203641266290429
(4.4, 5.2): -1.4547566246347563
(4.4, 5.3): -1.3916161225097545
(4.4, 5.4): -1.3309744350013104
(4.4, 5.5): -1.2728529718060888
(4.4, 5.6): -1.2172629053401165
(4.4, 5.7): -1.1642055142292775
(4.4, 5.8): -1.1136726447837932
(4.4, 5.9): -1.0656472438882394
(4.4, 6.0): -1.020103926965655
(4.5, 3.0): -3.267938478690431
(4.5, 3.1): -3.1602825141718807
(4.5, 3.2): -3.050950770452149
(4.5, 3.3): -2.9426736657414656
(4.5, 3.4): -2.8368094173858607
(4.5, 3.5): -2.7339182186733675
(4.5, 3.6): -2.634122475033183
(4.5, 3.7): -2.537326779911433
(4.5, 3.8): -2.443347481956087
(4.5, 3.9): -2.351985097041518
(4.5, 4.0): -2.263061422425381
(4.5, 4.1): -2.176435499773207
(4.5, 4.2): -2.0920074309336436
(4.5, 4.3): -2.009715666978931
(4.5, 4.4): -1.9295311953571483
(4.5, 4.5): -1.851450644995196
(4.5, 4.6): -1.7754894441799447
(4.5, 4.7): -1.701675618934747
(4.5, 4.8): -1.6300444896309845
(4.5, 4.9): -1.5606343312552142
(4.5, 5.0): -1.4934829565626162
(4.5, 5.1): -1.428625127955009
(4.5, 5.2): -1.366090682169672
(4.5, 5.3): -1.3059032483506368
(4.5, 5.4): -1.2480794465087006
(4.5, 5.5): -1.1926284647125038
(4.5, 5.6): -1.1395519265423344
(4.5, 5.7): -1.0888439737512718
(4.5, 5.8): -1.0404915017474439
(4.5, 5.9): -0.9944744970506294
(4.5, 6.0): -0.9507664361779237
(4.6, 3.0): -3.1712919286981265
(4.6, 3.1): -3.054308620416914
(4.6, 3.2): -2.937820400613649
(4.6, 3.3): -2.8242901598031978
(4.6, 3.4): -2.714816341521484
(4.6, 3.5): -2.6097166972095938
(4.6, 3.6): -2.5088937780029776
(4.6, 3.7): -2.4120568805735734
(4.6, 3.8): -2.318851361877977
(4.6, 3.9): -2.2289294740840133
(4.6, 4.0): -2.1419852440560714
(4.6, 4.1): -2.0577679908928235
(4.6, 4.2): -1.976083754929342
(4.6, 4.3): -1.8967904012302084
(4.6, 4.4): -1.819789881570264
(4.6, 4.5): -1.745019684031475
(4.6, 4.6): -1.6724445874421174
(4.6, 4.7): -1.6020492787432625
(4.6, 4.8): -1.5338320580978382
(4.6, 4.9): -1.4677996657009125
(4.6, 5.0): -1.403963161757922
(4.6, 5.1): -1.3423347421199205
(4.6, 5.2): -1.2829253546387827
(4.6, 5.3): -1.2257429816667607
(4.6, 5.4): -1.170791463811396
(4.6, 5.5): -1.1180697539626892
(4.6, 5.6): -1.067571505850817
(4.6, 5.7): -1.0192849162704098
(4.6, 5.8): -0.9731927538577949
(4.6, 5.9): -0.9292725195240448
(4.6, 6.0): -0.8874966943614696
(4.7, 3.0): -3.072483153872186
(4.7, 3.1): -2.9473356960772463
(4.7, 3.2): -2.8246788921724626
(4.7, 3.3): -2.706740409754337
(4.7, 3.4): -2.594382950149687
(4.7, 3.5): -2.4876994592049795
(4.7, 3.6): -2.386385732046881
(4.7, 3.7): -2.289965878186147
(4.7, 3.8): -2.197922531159071
(4.7, 3.9): -2.109766875102646
(4.7, 4.0): -2.025071755513596
(4.7, 4.1): -1.9434830006539416
(4.7, 4.2): -1.8647185722959698
(4.7, 4.3): -1.7885615091104599
(4.7, 4.4): -1.7148502460258157
(4.7, 4.5): -1.64346837357802
(4.7, 4.6): -1.5743349519302026
(4.7, 4.7): -1.5073959158762398
(4.7, 4.8): -1.4426167660061673
(4.7, 4.9): -1.37997654915671
(4.7, 5.0): -1.3194630309830482
(4.7, 5.1): -1.2610689182638197
(4.7, 5.2): -1.2047889752447736
(4.7, 5.3): -1.1506178826134847
(4.7, 5.4): -1.0985487008043906
(4.7, 5.5): -1.0485718161235147
(4.7, 5.6): -1.0006742657150913
(4.7, 5.7): -0.9548393540566492
(4.7, 5.8): -0.9110464887575159
(4.7, 5.9): -0.8692711766373966
(4.7, 6.0): -0.8294851324171755
(4.8, 3.0): -2.9739293930425026
(4.8, 3.1): -2.8414877900875495
(4.8, 3.2): -2.713374573532856
(4.8, 3.3): -2.591616000511086
(4.8, 3.4): -2.476864359889806
(4.8, 3.5): -2.3690061110548415
(4.8, 3.6): -2.2675433540364924
(4.8, 3.7): -2.1718244398764552
(4.8, 3.8): -2.081176379161014
(4.8, 3.9): -1.9949749986156309
(4.8, 4.0): -1.912676897058858
(4.8, 4.1): -1.8338289341624399
(4.8, 4.2): -1.7580652918656374
(4.8, 4.3): -1.6850983354173312
(4.8, 4.4): -1.6147070036677118
(4.8, 4.5): -1.546724859415735
(4.8, 4.6): -1.4810289319644603
(4.8, 4.7): -1.4175298779226928
(4.8, 4.8): -1.3561636316786099
(4.8, 4.9): -1.2968845201762023
(4.8, 5.0): -1.2396597165075465
(4.8, 5.1): -1.1844648642522675
(4.8, 5.2): -1.1312806948466365
(4.8, 5.3): -1.080090468309669
(4.8, 5.4): -1.0308780842684295
(4.8, 5.5): -0.9836267300559571
(4.8, 5.6): -0.9383179526666193
(4.8, 5.7): -0.8949310600650023
(4.8, 5.8): -0.8534427739712737
(4.8, 5.9): -0.8138270706615623
(4.8, 6.0): -0.7760551585382266
(4.9, 3.0): -2.8775134199250116
(4.9, 3.1): -2.7384273894196385
(4.9, 3.2): -2.605359797983378
(4.9, 3.3): -2.480170679785184
(4.9, 3.4): -2.3633288870962703
(4.9, 3.5): -2.2545340280982953
(4.9, 3.6): -2.1531082822769623
(4.9, 3.7): -2.058233746048586
(4.9, 3.8): -1.9690884396185642
(4.9, 3.9): -1.884917677263818
(4.9, 4.0): -1.8050656275151056
(4.9, 4.1): -1.7289834540837525
(4.9, 4.2): -1.6562245677523546
(4.9, 4.3): -1.5864335453717524
(4.9, 4.4): -1.5193326444131179
(4.9, 4.5): -1.454708148534777
(4.9, 4.6): -1.3923977189783787
(4.9, 4.7): -1.3322792830440193
(4.9, 4.8): -1.274261616101157
(4.9, 4.9): -1.2182765675747842
(4.9, 5.0): -1.1642727787365963
(4.9, 5.1): -1.1122106986276485
(4.9, 5.2): -1.0620586976214612
(4.9, 5.3): -1.013790089618885
(4.9, 5.4): -0.9673808939041846
(4.9, 5.5): -0.9228081905941858
(4.9, 5.6): -0.8800489463039091
(4.9, 5.7): -0.8390792075067287
(4.9, 5.8): -0.7998735774745529
(4.9, 5.9): -0.7624049084460722
(4.9, 6.0): -0.7266441539297331
(5.0, 3.0): -2.784663880065453
(5.0, 3.1): -2.6394233135217924
(5.0, 3.2): -2.5017484967029437
(5.0, 3.3): -2.373369240451896
(5.0, 3.4): -2.254599550540067
(5.0, 3.5): -2.1449734777928224
(5.0, 3.6): -2.043648315826349
(5.0, 3.7): -1.9496501017019736
(5.0, 3.8): -1.8620146317916826
(5.0, 3.9): -1.779861232683887
(5.0, 4.0): -1.7024248158704918
(5.0, 4.1): -1.6290632784714758
(5.0, 4.2): -1.5592513242518289
(5.0, 4.3): -1.492567652976511
(5.0, 4.4): -1.428679701049895
(5.0, 4.5): -1.367328316684016
(5.0, 4.6): -1.3083136173627528
(5.0, 4.7): -1.251482585867594
(5.0, 4.8): -1.1967185582302815
(5.0, 4.9): -1.1439325365045105
(5.0, 5.0): -1.0930561506297443
(5.0, 5.1): -1.0440360511869842
(5.0, 5.2): -0.9968295097010993
(5.0, 5.3): -0.9514010174625464
(5.0, 5.4): -0.9077196970520651
(5.0, 5.5): -0.8657573667259898
(5.0, 5.6): -0.8254871231884928
(5.0, 5.7): -0.7868823314727493
(5.0, 5.8): -0.7499159309053957
(5.0, 5.9): -0.7145599834275332
(5.0, 6.0): -0.680785404971836
