Symbol: Au
Lattice_type: HexagonalClosedPacked
calculator: vasp
size: (1, 1, 1)
directions: []
miller: []
Lattice Constant Parameters: ['a', 'c']

Lattice Constant Results: 

Lattice constant (a,c)/Ang: Energy/eV
----------------------------------------------
(2.0, 3.0): 50.539796155
(2.0, 3.1): 46.01140733
(2.0, 3.2): 41.931964925
(2.0, 3.3): 38.28419396
(2.0, 3.4): 35.030217975
(2.0, 3.5): 32.16867693
(2.0, 3.6): 29.65925629
(2.0, 3.7): 27.47428304
(2.0, 3.8): 25.58400375
(2.0, 3.9): 23.950536475
(2.0, 4.0): 22.54495389
(2.0, 4.1): 21.328744685
(2.0, 4.2): 20.27990708
(2.0, 4.3): 19.387184925
(2.0, 4.4): 18.622693895
(2.0, 4.5): 17.96415936
(2.0, 4.6): 17.389031625
(2.0, 4.7): 16.883134075
(2.0, 4.8): 16.440074345
(2.0, 4.9): 16.04860804
(2.0, 5.0): 15.708139205
(2.0, 5.1): 15.409868965
(2.0, 5.2): 15.150073845
(2.0, 5.3): 14.923913345
(2.0, 5.4): 14.72556586
(2.0, 5.5): 14.549909175
(2.0, 5.6): 14.39633201
(2.0, 5.7): 14.26584052
(2.0, 5.8): 14.151128495
(2.0, 5.9): 14.052513225
(2.0, 6.0): 13.966206385
(2.1, 3.0): 38.977402095
(2.1, 3.1): 34.98189613
(2.1, 3.2): 31.399597235
(2.1, 3.3): 28.218347605
(2.1, 3.4): 25.406959395
(2.1, 3.5): 22.946614625
(2.1, 3.6): 20.795565305
(2.1, 3.7): 18.924637845
(2.1, 3.8): 17.3073323
(2.1, 3.9): 15.913385955
(2.1, 4.0): 14.71554087
(2.1, 4.1): 13.68494901
(2.1, 4.2): 12.80184565
(2.1, 4.3): 12.037987
(2.1, 4.4): 11.38077932
(2.1, 4.5): 10.822314245
(2.1, 4.6): 10.33943512
(2.1, 4.7): 9.923076645
(2.1, 4.8): 9.55951554
(2.1, 4.9): 9.233776675
(2.1, 5.0): 8.950043985
(2.1, 5.1): 8.69885358
(2.1, 5.2): 8.48059895
(2.1, 5.3): 8.29102855
(2.1, 5.4): 8.1264556
(2.1, 5.5): 7.983213905
(2.1, 5.6): 7.857661865
(2.1, 5.7): 7.74991706
(2.1, 5.8): 7.65483008
(2.1, 5.9): 7.572255475
(2.1, 6.0): 7.50198202
(2.2, 3.0): 29.96779885
(2.2, 3.1): 26.49522191
(2.2, 3.2): 23.405644585
(2.2, 3.3): 20.666490665
(2.2, 3.4): 18.25394525
(2.2, 3.5): 16.14565881
(2.2, 3.6): 14.30688893
(2.2, 3.7): 12.71433169
(2.2, 3.8): 11.33758392
(2.2, 3.9): 10.15408074
(2.2, 4.0): 9.140964885
(2.2, 4.1): 8.27207697
(2.2, 4.2): 7.528466995
(2.2, 4.3): 6.892624455
(2.2, 4.4): 6.353624085
(2.2, 4.5): 5.885229295
(2.2, 4.6): 5.480875075
(2.2, 4.7): 5.13959325
(2.2, 4.8): 4.84564063
(2.2, 4.9): 4.59093555
(2.2, 5.0): 4.36498513
(2.2, 5.1): 4.163033745
(2.2, 5.2): 3.98758931
(2.2, 5.3): 3.83538037
(2.2, 5.4): 3.69975775
(2.2, 5.5): 3.58022263
(2.2, 5.6): 3.47821079
(2.2, 5.7): 3.390744
(2.2, 5.8): 3.315317415
(2.2, 5.9): 3.24777323
(2.2, 6.0): 3.19179047
(2.3, 3.0): 22.96756654
(2.3, 3.1): 19.98502261
(2.3, 3.2): 17.333142765
(2.3, 3.3): 14.99398578
(2.3, 3.4): 12.941958695
(2.3, 3.5): 11.151824555
(2.3, 3.6): 9.593140265
(2.3, 3.7): 8.243916155
(2.3, 3.8): 7.08071449
(2.3, 3.9): 6.08719076
(2.3, 4.0): 5.23176082
(2.3, 4.1): 4.50175757
(2.3, 4.2): 3.88228641
(2.3, 4.3): 3.355931015
(2.3, 4.4): 2.913037865
(2.3, 4.5): 2.531830995
(2.3, 4.6): 2.211809275
(2.3, 4.7): 1.93521627
(2.3, 4.8): 1.697448155
(2.3, 4.9): 1.496905595
(2.3, 5.0): 1.326408525
(2.3, 5.1): 1.180321655
(2.3, 5.2): 1.04991207
(2.3, 5.3): 0.92978114
(2.3, 5.4): 0.82180004
(2.3, 5.5): 0.72994267
(2.3, 5.6): 0.65059254
(2.3, 5.7): 0.58111339
(2.3, 5.8): 0.52100544
(2.3, 5.9): 0.4712568
(2.3, 6.0): 0.43032212
(2.4, 3.0): 17.472676585
(2.4, 3.1): 14.938767375
(2.4, 3.2): 12.69561106
(2.4, 3.3): 10.714263135
(2.4, 3.4): 8.978729475
(2.4, 3.5): 7.469877965
(2.4, 3.6): 6.160623435
(2.4, 3.7): 5.030771905
(2.4, 3.8): 4.06001685
(2.4, 3.9): 3.229691965
(2.4, 4.0): 2.517068875
(2.4, 4.1): 1.911207255
(2.4, 4.2): 1.39767668
(2.4, 4.3): 0.96593852
(2.4, 4.4): 0.603133395
(2.4, 4.5): 0.29809995
(2.4, 4.6): 0.040721985
(2.4, 4.7): -0.175233715
(2.4, 4.8): -0.351340735
(2.4, 4.9): -0.5028728
(2.4, 5.0): -0.631882055
(2.4, 5.1): -0.7393949
(2.4, 5.2): -0.83197128
(2.4, 5.3): -0.91409826
(2.4, 5.4): -0.98649811
(2.4, 5.5): -1.053070835
(2.4, 5.6): -1.112454275
(2.4, 5.7): -1.16212464
(2.4, 5.8): -1.202912145
(2.4, 5.9): -1.236674535
(2.4, 6.0): -1.26840002
(2.5, 3.0): 13.132833545
(2.5, 3.1): 10.99279142
(2.5, 3.2): 9.10693574
(2.5, 3.3): 7.452590985
(2.5, 3.4): 6.006409485
(2.5, 3.5): 4.741213485
(2.5, 3.6): 3.650684895
(2.5, 3.7): 2.71162946
(2.5, 3.8): 1.909525095
(2.5, 3.9): 1.22296716
(2.5, 4.0): 0.640987115
(2.5, 4.1): 0.14802799
(2.5, 4.2): -0.271468635
(2.5, 4.3): -0.62012929
(2.5, 4.4): -0.916757845
(2.5, 4.5): -1.158555425
(2.5, 4.6): -1.358996365
(2.5, 4.7): -1.52444139
(2.5, 4.8): -1.65769215
(2.5, 4.9): -1.769483115
(2.5, 5.0): -1.860732205
(2.5, 5.1): -1.937141495
(2.5, 5.2): -1.99627644
(2.5, 5.3): -2.047983825
(2.5, 5.4): -2.088304855
(2.5, 5.5): -2.125061115
(2.5, 5.6): -2.15911244
(2.5, 5.7): -2.18793575
(2.5, 5.8): -2.215514915
(2.5, 5.9): -2.244471965
(2.5, 6.0): -2.26396711
(2.6, 3.0): 9.692525415
(2.6, 3.1): 7.898217965
(2.6, 3.2): 6.321742125
(2.6, 3.3): 4.94443202
(2.6, 3.4): 3.747971875
(2.6, 3.5): 2.70917
(2.6, 3.6): 1.81206754
(2.6, 3.7): 1.03844072
(2.6, 3.8): 0.378969295
(2.6, 3.9): -0.18139712
(2.6, 4.0): -0.64999398
(2.6, 4.1): -1.045813835
(2.6, 4.2): -1.37705733
(2.6, 4.3): -1.65363415
(2.6, 4.4): -1.88605285
(2.6, 4.5): -2.07391359
(2.6, 4.6): -2.23069676
(2.6, 4.7): -2.35442737
(2.6, 4.8): -2.4512817
(2.6, 4.9): -2.53191511
(2.6, 5.0): -2.5936865
(2.6, 5.1): -2.64158888
(2.6, 5.2): -2.674531795
(2.6, 5.3): -2.698345585
(2.6, 5.4): -2.71578565
(2.6, 5.5): -2.733478585
(2.6, 5.6): -2.745157565
(2.6, 5.7): -2.75468145
(2.6, 5.8): -2.7638503
(2.6, 5.9): -2.7748161
(2.6, 6.0): -2.78410585
(2.7, 3.0): 6.94357405
(2.7, 3.1): 5.45656002
(2.7, 3.2): 4.14777238
(2.7, 3.3): 3.010906705
(2.7, 3.4): 2.02240992
(2.7, 3.5): 1.180714955
(2.7, 3.6): 0.44933842
(2.7, 3.7): -0.178373785
(2.7, 3.8): -0.71020569
(2.7, 3.9): -1.157407095
(2.7, 4.0): -1.53213313
(2.7, 4.1): -1.851840085
(2.7, 4.2): -2.11009716
(2.7, 4.3): -2.322458745
(2.7, 4.4): -2.48613745
(2.7, 4.5): -2.629938095
(2.7, 4.6): -2.74843549
(2.7, 4.7): -2.83654214
(2.7, 4.8): -2.908177685
(2.7, 4.9): -2.9614711
(2.7, 5.0): -3.002381235
(2.7, 5.1): -3.024279735
(2.7, 5.2): -3.03182573
(2.7, 5.3): -3.035159145
(2.7, 5.4): -3.039456535
(2.7, 5.5): -3.041908885
(2.7, 5.6): -3.03645662
(2.7, 5.7): -3.03030411
(2.7, 5.8): -3.032650255
(2.7, 5.9): -3.02584393
(2.7, 6.0): -3.013902095
(2.8, 3.0): 4.7414474
(2.8, 3.1): 3.51038583
(2.8, 3.2): 2.43637033
(2.8, 3.3): 1.50498782
(2.8, 3.4): 0.703243405
(2.8, 3.5): 0.02174392
(2.8, 3.6): -0.57037347
(2.8, 3.7): -1.074575005
(2.8, 3.8): -1.498764165
(2.8, 3.9): -1.840212775
(2.8, 4.0): -2.13975657
(2.8, 4.1): -2.387490995
(2.8, 4.2): -2.587838755
(2.8, 4.3): -2.7487667
(2.8, 4.4): -2.863708955
(2.8, 4.5): -2.96336148
(2.8, 4.6): -3.043306765
(2.8, 4.7): -3.10188654
(2.8, 4.8): -3.144462855
(2.8, 4.9): -3.163280365
(2.8, 5.0): -3.179086215
(2.8, 5.1): -3.182010105
(2.8, 5.2): -3.183806215
(2.8, 5.3): -3.183113615
(2.8, 5.4): -3.17358024
(2.8, 5.5): -3.163043825
(2.8, 5.6): -3.14642829
(2.8, 5.7): -3.13116029
(2.8, 5.8): -3.103589
(2.8, 5.9): -3.082519255
(2.8, 6.0): -3.06441887
(2.9, 3.0): 2.98139912
(2.9, 3.1): 1.974039025
(2.9, 3.2): 1.10405303
(2.9, 3.3): 0.35331969
(2.9, 3.4): -0.29254226
(2.9, 3.5): -0.840130545
(2.9, 3.6): -1.311793035
(2.9, 3.7): -1.70733333
(2.9, 3.8): -2.03630486
(2.9, 3.9): -2.30428238
(2.9, 4.0): -2.53373532
(2.9, 4.1): -2.717000725
(2.9, 4.2): -2.861384965
(2.9, 4.3): -2.97226709
(2.9, 4.4): -3.060406265
(2.9, 4.5): -3.126400655
(2.9, 4.6): -3.17058427
(2.9, 4.7): -3.199347165
(2.9, 4.8): -3.21164536
(2.9, 4.9): -3.219912925
(2.9, 5.0): -3.21342115
(2.9, 5.1): -3.202255685
(2.9, 5.2): -3.19155973
(2.9, 5.3): -3.181377495
(2.9, 5.4): -3.16259816
(2.9, 5.5): -3.1395276
(2.9, 5.6): -3.113548345
(2.9, 5.7): -3.08541754
(2.9, 5.8): -3.05519481
(2.9, 5.9): -3.02593938
(2.9, 6.0): -3.00169031
(3.0, 3.0): 1.564111815
(3.0, 3.1): 0.753958655
(3.0, 3.2): 0.05449408
(3.0, 3.3): -0.546265465
(3.0, 3.4): -1.06134017
(3.0, 3.5): -1.492206185
(3.0, 3.6): -1.856772065
(3.0, 3.7): -2.165964945
(3.0, 3.8): -2.41915608
(3.0, 3.9): -2.623041445
(3.0, 4.0): -2.78719778
(3.0, 4.1): -2.91776341
(3.0, 4.2): -3.021062835
(3.0, 4.3): -3.09591506
(3.0, 4.4): -3.145650095
(3.0, 4.5): -3.17939208
(3.0, 4.6): -3.2033672
(3.0, 4.7): -3.21079094
(3.0, 4.8): -3.208469655
(3.0, 4.9): -3.197473115
(3.0, 5.0): -3.17889612
(3.0, 5.1): -3.157631045
(3.0, 5.2): -3.13145509
(3.0, 5.3): -3.10230831
(3.0, 5.4): -3.07070405
(3.0, 5.5): -3.04287877
(3.0, 5.6): -3.012644875
(3.0, 5.7): -2.98065443
(3.0, 5.8): -2.94721814
(3.0, 5.9): -2.91680736
(3.0, 6.0): -2.887867145
(3.1, 3.0): 0.434919165
(3.1, 3.1): -0.21017226
(3.1, 3.2): -0.76570683
(3.1, 3.3): -1.238752575
(3.1, 3.4): -1.64012343
(3.1, 3.5): -1.97629497
(3.1, 3.6): -2.254980615
(3.1, 3.7): -2.486407075
(3.1, 3.8): -2.67324849
(3.1, 3.9): -2.823137795
(3.1, 4.0): -2.93724775
(3.1, 4.1): -3.026247775
(3.1, 4.2): -3.09067163
(3.1, 4.3): -3.13364122
(3.1, 4.4): -3.157812485
(3.1, 4.5): -3.16712245
(3.1, 4.6): -3.16760032
(3.1, 4.7): -3.15701465
(3.1, 4.8): -3.137934025
(3.1, 4.9): -3.113020855
(3.1, 5.0): -3.08676474
(3.1, 5.1): -3.05463378
(3.1, 5.2): -3.017559825
(3.1, 5.3): -2.97784054
(3.1, 5.4): -2.9390046
(3.1, 5.5): -2.90341779
(3.1, 5.6): -2.866057555
(3.1, 5.7): -2.828359135
(3.1, 5.8): -2.79346547
(3.1, 5.9): -2.76170429
(3.1, 6.0): -2.72714669
(3.2, 3.0): -0.46350405
(3.2, 3.1): -0.972428845
(3.2, 3.2): -1.40847663
(3.2, 3.3): -1.774208765
(3.2, 3.4): -2.07876589
(3.2, 3.5): -2.330558415
(3.2, 3.6): -2.542229835
(3.2, 3.7): -2.710947675
(3.2, 3.8): -2.84385013
(3.2, 3.9): -2.940733765
(3.2, 4.0): -3.01676955
(3.2, 4.1): -3.072886915
(3.2, 4.2): -3.10574616
(3.2, 4.3): -3.123052325
(3.2, 4.4): -3.121073515
(3.2, 4.5): -3.11553662
(3.2, 4.6): -3.097871805
(3.2, 4.7): -3.071028995
(3.2, 4.8): -3.0390271
(3.2, 4.9): -3.005668035
(3.2, 5.0): -2.965737055
(3.2, 5.1): -2.92167675
(3.2, 5.2): -2.87480495
(3.2, 5.3): -2.831945615
(3.2, 5.4): -2.79094565
(3.2, 5.5): -2.748505595
(3.2, 5.6): -2.705548565
(3.2, 5.7): -2.665044825
(3.2, 5.8): -2.626930655
(3.2, 5.9): -2.586878295
(3.2, 6.0): -2.54735316
(3.3, 3.0): -1.168027635
(3.3, 3.1): -1.56601286
(3.3, 3.2): -1.901647565
(3.3, 3.3): -2.1790059
(3.3, 3.4): -2.40656806
(3.3, 3.5): -2.587231145
(3.3, 3.6): -2.737353935
(3.3, 3.7): -2.856856935
(3.3, 3.8): -2.946147645
(3.3, 3.9): -3.002178895
(3.3, 4.0): -3.04539361
(3.3, 4.1): -3.071786065
(3.3, 4.2): -3.081073715
(3.3, 4.3): -3.07677588
(3.3, 4.4): -3.055255395
(3.3, 4.5): -3.03121937
(3.3, 4.6): -3.00230237
(3.3, 4.7): -2.96489449
(3.3, 4.8): -2.92238901
(3.3, 4.9): -2.87054045
(3.3, 5.0): -2.822320635
(3.3, 5.1): -2.771203035
(3.3, 5.2): -2.724101275
(3.3, 5.3): -2.67773402
(3.3, 5.4): -2.630150865
(3.3, 5.5): -2.585981895
(3.3, 5.6): -2.540450985
(3.3, 5.7): -2.496561005
(3.3, 5.8): -2.44663377
(3.3, 5.9): -2.404427925
(3.3, 6.0): -2.36453799
(3.4, 3.0): -1.713479095
(3.4, 3.1): -2.0175297
(3.4, 3.2): -2.26689788
(3.4, 3.3): -2.47109357
(3.4, 3.4): -2.634571875
(3.4, 3.5): -2.7625667
(3.4, 3.6): -2.861606505
(3.4, 3.7): -2.936441095
(3.4, 3.8): -2.98697392
(3.4, 3.9): -3.017084185
(3.4, 4.0): -3.032298755
(3.4, 4.1): -3.032363765
(3.4, 4.2): -3.021322685
(3.4, 4.3): -2.996798075
(3.4, 4.4): -2.966273395
(3.4, 4.5): -2.927400835
(3.4, 4.6): -2.884742525
(3.4, 4.7): -2.837680985
(3.4, 4.8): -2.785059525
(3.4, 4.9): -2.73257282
(3.4, 5.0): -2.67651887
(3.4, 5.1): -2.62038318
(3.4, 5.2): -2.569058235
(3.4, 5.3): -2.517976985
(3.4, 5.4): -2.46548414
(3.4, 5.5): -2.41559028
(3.4, 5.6): -2.367798205
(3.4, 5.7): -2.31960631
(3.4, 5.8): -2.27292853
(3.4, 5.9): -2.22751799
(3.4, 6.0): -2.186406845
(3.5, 3.0): -2.13482368
(3.5, 3.1): -2.356293825
(3.5, 3.2): -2.538112625
(3.5, 3.3): -2.68179736
(3.5, 3.4): -2.793026805
(3.5, 3.5): -2.87601081
(3.5, 3.6): -2.933097095
(3.5, 3.7): -2.97351245
(3.5, 3.8): -2.993614115
(3.5, 3.9): -3.00092545
(3.5, 4.0): -2.990739525
(3.5, 4.1): -2.97328722
(3.5, 4.2): -2.94532916
(3.5, 4.3): -2.90805668
(3.5, 4.4): -2.86526468
(3.5, 4.5): -2.81592037
(3.5, 4.6): -2.76534715
(3.5, 4.7): -2.71035136
(3.5, 4.8): -2.65301205
(3.5, 4.9): -2.594447465
(3.5, 5.0): -2.535980635
(3.5, 5.1): -2.47944409
(3.5, 5.2): -2.42096035
(3.5, 5.3): -2.36232281
(3.5, 5.4): -2.306613105
(3.5, 5.5): -2.255691675
(3.5, 5.6): -2.20485702
(3.5, 5.7): -2.1553084
(3.5, 5.8): -2.10785378
(3.5, 5.9): -2.066205655
(3.5, 6.0): -2.0241182
(3.6, 3.0): -2.446706
(3.6, 3.1): -2.60153031
(3.6, 3.2): -2.72971712
(3.6, 3.3): -2.822754735
(3.6, 3.4): -2.893530035
(3.6, 3.5): -2.93437623
(3.6, 3.6): -2.96250337
(3.6, 3.7): -2.97515174
(3.6, 3.8): -2.97135849
(3.6, 3.9): -2.95466707
(3.6, 4.0): -2.926147835
(3.6, 4.1): -2.897200305
(3.6, 4.2): -2.85642269
(3.6, 4.3): -2.81022032
(3.6, 4.4): -2.752961245
(3.6, 4.5): -2.69972311
(3.6, 4.6): -2.64434144
(3.6, 4.7): -2.58268813
(3.6, 4.8): -2.5230657
(3.6, 4.9): -2.46243427
(3.6, 5.0): -2.4029566
(3.6, 5.1): -2.337991475
(3.6, 5.2): -2.27467114
(3.6, 5.3): -2.212236285
(3.6, 5.4): -2.157338515
(3.6, 5.5): -2.1054707
(3.6, 5.6): -2.05245009
(3.6, 5.7): -2.002226915
(3.6, 5.8): -1.959191665
(3.6, 5.9): -1.9130671
(3.6, 6.0): -1.86666208
(3.7, 3.0): -2.671784515
(3.7, 3.1): -2.778193915
(3.7, 3.2): -2.85799719
(3.7, 3.3): -2.912868205
(3.7, 3.4): -2.945904185
(3.7, 3.5): -2.95677435
(3.7, 3.6): -2.96150826
(3.7, 3.7): -2.95128722
(3.7, 3.8): -2.928495985
(3.7, 3.9): -2.890553075
(3.7, 4.0): -2.853336385
(3.7, 4.1): -2.81014538
(3.7, 4.2): -2.760835415
(3.7, 4.3): -2.706310455
(3.7, 4.4): -2.6424433
(3.7, 4.5): -2.584952525
(3.7, 4.6): -2.52411403
(3.7, 4.7): -2.46087402
(3.7, 4.8): -2.396306165
(3.7, 4.9): -2.333936205
(3.7, 5.0): -2.268954275
(3.7, 5.1): -2.20092967
(3.7, 5.2): -2.137148715
(3.7, 5.3): -2.07817515
(3.7, 5.4): -2.02211466
(3.7, 5.5): -1.966856835
(3.7, 5.6): -1.913822525
(3.7, 5.7): -1.86311113
(3.7, 5.8): -1.81583532
(3.7, 5.9): -1.766779985
(3.7, 6.0): -1.71891972
(3.8, 3.0): -2.83182846
(3.8, 3.1): -2.89529475
(3.8, 3.2): -2.93807864
(3.8, 3.3): -2.959780545
(3.8, 3.4): -2.96311517
(3.8, 3.5): -2.950511675
(3.8, 3.6): -2.933713225
(3.8, 3.7): -2.90640489
(3.8, 3.8): -2.87011461
(3.8, 3.9): -2.817788705
(3.8, 4.0): -2.76940445
(3.8, 4.1): -2.718355775
(3.8, 4.2): -2.661120855
(3.8, 4.3): -2.60070017
(3.8, 4.4): -2.532400315
(3.8, 4.5): -2.470060075
(3.8, 4.6): -2.40696783
(3.8, 4.7): -2.34238329
(3.8, 4.8): -2.275493065
(3.8, 4.9): -2.204910725
(3.8, 5.0): -2.141532535
(3.8, 5.1): -2.07495654
(3.8, 5.2): -2.01338757
(3.8, 5.3): -1.95454777
(3.8, 5.4): -1.89749695
(3.8, 5.5): -1.843074095
(3.8, 5.6): -1.78903359
(3.8, 5.7): -1.738121085
(3.8, 5.8): -1.683393555
(3.8, 5.9): -1.634549415
(3.8, 6.0): -1.59065121
(3.9, 3.0): -2.934105765
(3.9, 3.1): -2.95923244
(3.9, 3.2): -2.96742736
(3.9, 3.3): -2.961013
(3.9, 3.4): -2.938531655
(3.9, 3.5): -2.914935145
(3.9, 3.6): -2.87636773
(3.9, 3.7): -2.83598131
(3.9, 3.8): -2.785960445
(3.9, 3.9): -2.733377535
(3.9, 4.0): -2.67128514
(3.9, 4.1): -2.610743825
(3.9, 4.2): -2.54746395
(3.9, 4.3): -2.48065428
(3.9, 4.4): -2.416827635
(3.9, 4.5): -2.347402065
(3.9, 4.6): -2.283221545
(3.9, 4.7): -2.21598111
(3.9, 4.8): -2.146802255
(3.9, 4.9): -2.08332363
(3.9, 5.0): -2.019404745
(3.9, 5.1): -1.958170275
(3.9, 5.2): -1.895733745
(3.9, 5.3): -1.834020365
(3.9, 5.4): -1.77316194
(3.9, 5.5): -1.71936871
(3.9, 5.6): -1.66431773
(3.9, 5.7): -1.611979135
(3.9, 5.8): -1.562183775
(3.9, 5.9): -1.5173049
(3.9, 6.0): -1.474108585
(4.0, 3.0): -2.991917885
(4.0, 3.1): -2.983476695
(4.0, 3.2): -2.966720045
(4.0, 3.3): -2.939597995
(4.0, 3.4): -2.903911255
(4.0, 3.5): -2.858040995
(4.0, 3.6): -2.80381238
(4.0, 3.7): -2.75637674
(4.0, 3.8): -2.69623852
(4.0, 3.9): -2.63955918
(4.0, 4.0): -2.568819255
(4.0, 4.1): -2.50270393
(4.0, 4.2): -2.43909938
(4.0, 4.3): -2.36749859
(4.0, 4.4): -2.29886865
(4.0, 4.5): -2.22749045
(4.0, 4.6): -2.16526091
(4.0, 4.7): -2.099013925
(4.0, 4.8): -2.03081361
(4.0, 4.9): -1.974704075
(4.0, 5.0): -1.914638905
(4.0, 5.1): -1.850853945
(4.0, 5.2): -1.78352021
(4.0, 5.3): -1.71848622
(4.0, 5.4): -1.657642355
(4.0, 5.5): -1.606883635
(4.0, 5.6): -1.556219525
(4.0, 5.7): -1.50175105
(4.0, 5.8): -1.464889005
(4.0, 5.9): -1.419737415
(4.0, 6.0): -1.370448675
(4.1, 3.0): -3.008974795
(4.1, 3.1): -2.98479851
(4.1, 3.2): -2.95539703
(4.1, 3.3): -2.908475045
(4.1, 3.4): -2.85696097
(4.1, 3.5): -2.789057135
(4.1, 3.6): -2.73583627
(4.1, 3.7): -2.677641895
(4.1, 3.8): -2.615101055
(4.1, 3.9): -2.536420765
(4.1, 4.0): -2.47176669
(4.1, 4.1): -2.40935825
(4.1, 4.2): -2.33892243
(4.1, 4.3): -2.272280185
(4.1, 4.4): -2.191375705
(4.1, 4.5): -2.127665725
(4.1, 4.6): -2.06446848
(4.1, 4.7): -1.99712287
(4.1, 4.8): -1.934581845
(4.1, 4.9): -1.872200885
(4.1, 5.0): -1.810221165
(4.1, 5.1): -1.742151745
(4.1, 5.2): -1.67387044
(4.1, 5.3): -1.61906371
(4.1, 5.4): -1.56743425
(4.1, 5.5): -1.51790252
(4.1, 5.6): -1.464624025
(4.1, 5.7): -1.41754463
(4.1, 5.8): -1.373439765
(4.1, 5.9): -1.323134345
(4.1, 6.0): -1.272094785
(4.2, 3.0): -2.999937835
(4.2, 3.1): -2.967608055
(4.2, 3.2): -2.92074303
(4.2, 3.3): -2.86426899
(4.2, 3.4): -2.798144775
(4.2, 3.5): -2.72049908
(4.2, 3.6): -2.656830835
(4.2, 3.7): -2.594005685
(4.2, 3.8): -2.527780285
(4.2, 3.9): -2.44196859
(4.2, 4.0): -2.37783533
(4.2, 4.1): -2.311260035
(4.2, 4.2): -2.24292521
(4.2, 4.3): -2.175929535
(4.2, 4.4): -2.094465675
(4.2, 4.5): -2.028725685
(4.2, 4.6): -1.967160085
(4.2, 4.7): -1.90338909
(4.2, 4.8): -1.84059211
(4.2, 4.9): -1.76713806
(4.2, 5.0): -1.705189245
(4.2, 5.1): -1.63973742
(4.2, 5.2): -1.583422305
(4.2, 5.3): -1.533479615
(4.2, 5.4): -1.481082075
(4.2, 5.5): -1.43372808
(4.2, 5.6): -1.384250325
(4.2, 5.7): -1.33936283
(4.2, 5.8): -1.281448835
(4.2, 5.9): -1.232163585
(4.2, 6.0): -1.186405235
(4.3, 3.0): -2.97075456
(4.3, 3.1): -2.921710655
(4.3, 3.2): -2.864085655
(4.3, 3.3): -2.793290665
(4.3, 3.4): -2.713847665
(4.3, 3.5): -2.63402941
(4.3, 3.6): -2.567438785
(4.3, 3.7): -2.495584575
(4.3, 3.8): -2.42136806
(4.3, 3.9): -2.33818035
(4.3, 4.0): -2.27363264
(4.3, 4.1): -2.20796295
(4.3, 4.2): -2.137441925
(4.3, 4.3): -2.0634516
(4.3, 4.4): -1.989650625
(4.3, 4.5): -1.928500535
(4.3, 4.6): -1.86514718
(4.3, 4.7): -1.80053766
(4.3, 4.8): -1.73194928
(4.3, 4.9): -1.67134246
(4.3, 5.0): -1.61083559
(4.3, 5.1): -1.54691068
(4.3, 5.2): -1.49097943
(4.3, 5.3): -1.443097475
(4.3, 5.4): -1.39571294
(4.3, 5.5): -1.348102605
(4.3, 5.6): -1.29935118
(4.3, 5.7): -1.250465325
(4.3, 5.8): -1.201871375
(4.3, 5.9): -1.15264608
(4.3, 6.0): -1.110937115
(4.4, 3.0): -2.928154935
(4.4, 3.1): -2.85845501
(4.4, 3.2): -2.78628323
(4.4, 3.3): -2.708179985
(4.4, 3.4): -2.628244255
(4.4, 3.5): -2.546295565
(4.4, 3.6): -2.46472201
(4.4, 3.7): -2.389541715
(4.4, 3.8): -2.31304877
(4.4, 3.9): -2.24093343
(4.4, 4.0): -2.16538206
(4.4, 4.1): -2.09537585
(4.4, 4.2): -2.025690615
(4.4, 4.3): -1.956631685
(4.4, 4.4): -1.88791603
(4.4, 4.5): -1.82123746
(4.4, 4.6): -1.75945302
(4.4, 4.7): -1.696093295
(4.4, 4.8): -1.63518243
(4.4, 4.9): -1.576201985
(4.4, 5.0): -1.52027322
(4.4, 5.1): -1.46646097
(4.4, 5.2): -1.411055215
(4.4, 5.3): -1.356153535
(4.4, 5.4): -1.305270315
(4.4, 5.5): -1.258845575
(4.4, 5.6): -1.21190619
(4.4, 5.7): -1.16663532
(4.4, 5.8): -1.1235857
(4.4, 5.9): -1.08595713
(4.4, 6.0): -1.045339265
(4.5, 3.0): -2.869616525
(4.5, 3.1): -2.788220735
(4.5, 3.2): -2.711826805
(4.5, 3.3): -2.62634206
(4.5, 3.4): -2.543383825
(4.5, 3.5): -2.45241616
(4.5, 3.6): -2.370509765
(4.5, 3.7): -2.292947655
(4.5, 3.8): -2.215199215
(4.5, 3.9): -2.138858815
(4.5, 4.0): -2.062272745
(4.5, 4.1): -1.996664395
(4.5, 4.2): -1.92791485
(4.5, 4.3): -1.86116595
(4.5, 4.4): -1.789374335
(4.5, 4.5): -1.727842365
(4.5, 4.6): -1.66880412
(4.5, 4.7): -1.606943245
(4.5, 4.8): -1.550106355
(4.5, 4.9): -1.4946931
(4.5, 5.0): -1.4421046
(4.5, 5.1): -1.38492595
(4.5, 5.2): -1.33033882
(4.5, 5.3): -1.276811355
(4.5, 5.4): -1.230732725
(4.5, 5.5): -1.187438695
(4.5, 5.6): -1.14222595
(4.5, 5.7): -1.099151155
(4.5, 5.8): -1.062776365
(4.5, 5.9): -1.022320435
(4.5, 6.0): -0.980809205
(4.6, 3.0): -2.801332115
(4.6, 3.1): -2.71674728
(4.6, 3.2): -2.630993145
(4.6, 3.3): -2.543337965
(4.6, 3.4): -2.452945125
(4.6, 3.5): -2.361063355
(4.6, 3.6): -2.278913865
(4.6, 3.7): -2.197210085
(4.6, 3.8): -2.11987077
(4.6, 3.9): -2.03849886
(4.6, 4.0): -1.968416615
(4.6, 4.1): -1.900492165
(4.6, 4.2): -1.833287745
(4.6, 4.3): -1.768666915
(4.6, 4.4): -1.699399735
(4.6, 4.5): -1.640702315
(4.6, 4.6): -1.581204765
(4.6, 4.7): -1.52427854
(4.6, 4.8): -1.468226725
(4.6, 4.9): -1.415353755
(4.6, 5.0): -1.36268095
(4.6, 5.1): -1.30718496
(4.6, 5.2): -1.254132825
(4.6, 5.3): -1.20767177
(4.6, 5.4): -1.163929085
(4.6, 5.5): -1.119941495
(4.6, 5.6): -1.077703115
(4.6, 5.7): -1.03778748
(4.6, 5.8): -1.00044832
(4.6, 5.9): -0.96040118
(4.6, 6.0): -0.919724615
(4.7, 3.0): -2.72866459
(4.7, 3.1): -2.640467865
(4.7, 3.2): -2.550048215
(4.7, 3.3): -2.45861581
(4.7, 3.4): -2.366137365
(4.7, 3.5): -2.27053226
(4.7, 3.6): -2.185905215
(4.7, 3.7): -2.106171225
(4.7, 3.8): -2.028079315
(4.7, 3.9): -1.94422097
(4.7, 4.0): -1.87519828
(4.7, 4.1): -1.809049905
(4.7, 4.2): -1.744773065
(4.7, 4.3): -1.68181818
(4.7, 4.4): -1.61393958
(4.7, 4.5): -1.555039615
(4.7, 4.6): -1.501246605
(4.7, 4.7): -1.44675428
(4.7, 4.8): -1.39298465
(4.7, 4.9): -1.335570535
(4.7, 5.0): -1.283352165
(4.7, 5.1): -1.23148208
(4.7, 5.2): -1.18576853
(4.7, 5.3): -1.143407635
(4.7, 5.4): -1.09938872
(4.7, 5.5): -1.060393955
(4.7, 5.6): -1.02062684
(4.7, 5.7): -0.9821453
(4.7, 5.8): -0.93798392
(4.7, 5.9): -0.899648775
(4.7, 6.0): -0.864130035
(4.8, 3.0): -2.654790225
(4.8, 3.1): -2.560220135
(4.8, 3.2): -2.46360499
(4.8, 3.3): -2.367377605
(4.8, 3.4): -2.270973505
(4.8, 3.5): -2.17905664
(4.8, 3.6): -2.09411087
(4.8, 3.7): -2.01143321
(4.8, 3.8): -1.9315822
(4.8, 3.9): -1.852541395
(4.8, 4.0): -1.784115145
(4.8, 4.1): -1.71809169
(4.8, 4.2): -1.653740015
(4.8, 4.3): -1.588854395
(4.8, 4.4): -1.529387995
(4.8, 4.5): -1.472997865
(4.8, 4.6): -1.41881708
(4.8, 4.7): -1.36624659
(4.8, 4.8): -1.311054675
(4.8, 4.9): -1.262321705
(4.8, 5.0): -1.21343596
(4.8, 5.1): -1.164332045
(4.8, 5.2): -1.12058395
(4.8, 5.3): -1.08049579
(4.8, 5.4): -1.03869982
(4.8, 5.5): -0.99929858
(4.8, 5.6): -0.961092025
(4.8, 5.7): -0.922401265
(4.8, 5.8): -0.88458994
(4.8, 5.9): -0.847262625
(4.8, 6.0): -0.814392055
(4.9, 3.0): -2.587380425
(4.9, 3.1): -2.484802455
(4.9, 3.2): -2.379778565
(4.9, 3.3): -2.28286943
(4.9, 3.4): -2.180796315
(4.9, 3.5): -2.094236245
(4.9, 3.6): -2.006652495
(4.9, 3.7): -1.9240573
(4.9, 3.8): -1.846098075
(4.9, 3.9): -1.770752355
(4.9, 4.0): -1.7020092
(4.9, 4.1): -1.63286521
(4.9, 4.2): -1.57093252
(4.9, 4.3): -1.50984368
(4.9, 4.4): -1.45372871
(4.9, 4.5): -1.397334225
(4.9, 4.6): -1.34416291
(4.9, 4.7): -1.295405895
(4.9, 4.8): -1.243623795
(4.9, 4.9): -1.193701105
(4.9, 5.0): -1.146109505
(4.9, 5.1): -1.108624185
(4.9, 5.2): -1.06560056
(4.9, 5.3): -1.026386615
(4.9, 5.4): -0.984270805
(4.9, 5.5): -0.94469896
(4.9, 5.6): -0.910045005
(4.9, 5.7): -0.874748115
(4.9, 5.8): -0.83308212
(4.9, 5.9): -0.80621576
(4.9, 6.0): -0.77682318
(5.0, 3.0): -2.51258146
(5.0, 3.1): -2.40411484
(5.0, 3.2): -2.29570607
(5.0, 3.3): -2.193696995
(5.0, 3.4): -2.089255675
(5.0, 3.5): -2.00544992
(5.0, 3.6): -1.917387355
(5.0, 3.7): -1.83537407
(5.0, 3.8): -1.755119105
(5.0, 3.9): -1.68574586
(5.0, 4.0): -1.616835035
(5.0, 4.1): -1.548032115
(5.0, 4.2): -1.48824701
(5.0, 4.3): -1.425681855
(5.0, 4.4): -1.375632255
(5.0, 4.5): -1.320690015
(5.0, 4.6): -1.270301475
(5.0, 4.7): -1.22189924
(5.0, 4.8): -1.17026047
(5.0, 4.9): -1.12676886
(5.0, 5.0): -1.08673018
(5.0, 5.1): -1.049391705
(5.0, 5.2): -1.00675103
(5.0, 5.3): -0.968735905
(5.0, 5.4): -0.928269175
(5.0, 5.5): -0.892046385
(5.0, 5.6): -0.858111135
(5.0, 5.7): -0.82125297
(5.0, 5.8): -0.788958095
(5.0, 5.9): -0.763937405
(5.0, 6.0): -0.73370385
