Symbol: Au
Lattice_type: HexagonalClosedPacked
calculator: <asap.RGL object at 0x0x1bff3f0>
size: (28, 28, 28)
directions: []
miller: []
Lattice Constant Parameters: ['a', 'c']

Lattice Constant Results: 


----------------------------------------------
(2.0, 3.0): 57.27546471423086
(2.0, 3.1): 51.26511817361633
(2.0, 3.2): 46.072267795386765
(2.0, 3.3): 41.59547898201654
(2.0, 3.4): 37.7443210242598
(2.0, 3.5): 34.438361030321126
(2.0, 3.6): 31.606261670751152
(2.0, 3.7): 29.18495117805458
(2.0, 3.8): 27.11884897064966
(2.0, 3.9): 25.359139054570285
(2.0, 4.0): 23.863088233636155
(2.0, 4.1): 22.593408578045157
(2.0, 4.2): 21.51766453671079
(2.0, 4.3): 20.607725152628927
(2.0, 4.4): 19.83926145683046
(2.0, 4.41): 19.769361661165153
(2.0, 4.42): 19.70064508422646
(2.0, 4.43): 19.63309273764068
(2.0, 4.44): 19.56668591767039
(2.0, 4.45): 19.50140620115932
(2.0, 4.46): 19.437235441871998
(2.0, 4.47): 19.374155766715692
(2.0, 4.48): 19.312149572153388
(2.0, 4.49): 19.2511995202735
(2.0, 4.5): 19.191288535402435
(2.0, 4.51): 19.132399800582217
(2.0, 4.52): 19.07451675370253
(2.0, 4.53): 19.017623084399265
(2.0, 4.54): 18.961702730282532
(2.0, 4.55): 18.906739873695717
(2.0, 4.56): 18.85271893825153
(2.0, 4.57): 18.799624585510138
(2.0, 4.58): 18.747441711684363
(2.0, 4.59): 18.69615544437178
(2.0, 4.6): 18.645751139374784
(2.0, 4.61): 18.596214377328458
(2.0, 4.62): 18.54753096083824
(2.0, 4.63): 18.499686911033642
(2.0, 4.64): 18.452668464823677
(2.0, 4.65): 18.40646207155105
(2.0, 4.66): 18.36105439020322
(2.0, 4.67): 18.316432286366975
(2.0, 4.68): 18.272582829229123
(2.0, 4.69): 18.229493288789396
(2.0, 4.7): 18.187151132966335
(2.0, 4.71): 18.1455440246864
(2.0, 4.72): 18.104659819245928
(2.0, 4.73): 18.06448656134265
(2.0, 4.74): 18.025012482548977
(2.0, 4.75): 17.986225998580377
(2.0, 4.76): 17.94811570645334
(2.0, 4.77): 17.910670382195658
(2.0, 4.78): 17.873878977852705
(2.0, 4.79): 17.83773061935621
(2.0, 4.8): 17.80221460360883
(2.0, 4.81): 17.767320396261137
(2.0, 4.82): 17.733037629125565
(2.0, 4.83): 17.69935609772801
(2.0, 4.84): 17.666265759035237
(2.0, 4.85): 17.633756728957273
(2.0, 4.86): 17.601819280030345
(2.0, 4.87): 17.570443839146886
(2.0, 4.88): 17.539620985277008
(2.0, 4.89): 17.509341447225225
(2.0, 4.9): 17.47959610130003
(2.0, 4.91): 17.450375969321094
(2.0, 4.92): 17.421672216305343
(2.0, 4.93): 17.39347614837864
(2.0, 4.94): 17.36577921069759
(2.0, 4.95): 17.33857298529982
(2.0, 4.96): 17.31184918919299
(2.0, 4.97): 17.28559967212721
(2.0, 4.98): 17.259816414869643
(2.0, 4.99): 17.234491526931958
(2.0, 5.0): 17.209617244896503
(2.0, 5.1): 16.98403681244252
(2.0, 5.2): 16.79584941034164
(2.0, 5.3): 16.639109871614522
(2.0, 5.4): 16.508780648847054
(2.0, 5.5): 16.40059962423084
(2.0, 5.6): 16.31096594474591
(2.0, 5.7): 16.236841689014998
(2.0, 5.8): 16.175667377191353
(2.0, 5.9): 16.125289536238583
(2.0, 6.0): 16.083898727094265
(2.1, 3.0): 42.856392097643486
(2.1, 3.1): 37.802253305464724
(2.1, 3.2): 33.43165785819396
(2.1, 3.3): 29.661112357868085
(2.1, 3.4): 26.415964704008474
(2.1, 3.5): 23.62959253668784
(2.1, 3.6): 21.24269561379648
(2.1, 3.7): 19.20265497857515
(2.1, 3.8): 17.4629383189289
(2.1, 3.9): 15.982541038199821
(2.1, 4.0): 14.725458490781469
(2.1, 4.1): 13.660188099954023
(2.1, 4.2): 12.759261657251853
(2.1, 4.3): 11.998808661256573
(2.1, 4.4): 11.358151518494674
(2.1, 4.41): 11.299964525167104
(2.1, 4.42): 11.242778463068682
(2.1, 4.43): 11.186577163415722
(2.1, 4.44): 11.131344698532189
(2.1, 4.45): 11.07706537864485
(2.1, 4.46): 11.023723748788788
(2.1, 4.47): 10.97130458569544
(2.1, 4.48): 10.919792894782933
(2.1, 4.49): 10.869173906964349
(2.1, 4.5): 10.819433075829279
(2.1, 4.51): 10.770556074554987
(2.1, 4.52): 10.722528793017998
(2.1, 4.53): 10.67533733481904
(2.1, 4.54): 10.628968014543217
(2.1, 4.55): 10.583407354711683
(2.1, 4.56): 10.538642083119097
(2.1, 4.57): 10.494659129995652
(2.1, 4.58): 10.451445625234323
(2.1, 4.59): 10.408988895696087
(2.1, 4.6): 10.367276462435639
(2.1, 4.61): 10.326296038165564
(2.1, 4.62): 10.286035524452158
(2.1, 4.63): 10.246483009291676
(2.1, 4.64): 10.207626764313321
(2.1, 4.65): 10.169455242455415
(2.1, 4.66): 10.131957075250638
(2.1, 4.67): 10.095121070448362
(2.1, 4.68): 10.05893620952052
(2.1, 4.69): 10.02339164518598
(2.1, 4.7): 9.988476699098397
(2.1, 4.71): 9.954180859316084
(2.1, 4.72): 9.920493778074196
(2.1, 4.73): 9.88740526943414
(2.1, 4.74): 9.854905306960205
(2.1, 4.75): 9.822984021448287
(2.1, 4.76): 9.791631698690555
(2.1, 4.77): 9.760838777289123
(2.1, 4.78): 9.730595846383833
(2.1, 4.79): 9.700893643607465
(2.1, 4.8): 9.671723052859011
(2.1, 4.81): 9.643075102183504
(2.1, 4.82): 9.614940961764892
(2.1, 4.83): 9.587311941799138
(2.1, 4.84): 9.560179490519891
(2.1, 4.85): 9.533535192075977
(2.1, 4.86): 9.50737076468069
(2.1, 4.87): 9.481678058608095
(2.1, 4.88): 9.456449054182674
(2.1, 4.89): 9.431675860014542
(2.1, 4.9): 9.407350710945936
(2.1, 4.91): 9.383465966343621
(2.1, 4.92): 9.360014108168969
(2.1, 4.93): 9.336987739141842
(2.1, 4.94): 9.314379581075922
(2.1, 4.95): 9.292182472959748
(2.1, 4.96): 9.270389369325606
(2.1, 4.97): 9.248993338435778
(2.1, 4.98): 9.22798756067554
(2.1, 4.99): 9.207365326776864
(2.1, 5.0): 9.187120036280485
(2.1, 5.1): 9.004021451652115
(2.1, 5.2): 8.852103874072592
(2.1, 5.3): 8.72632457356785
(2.1, 5.4): 8.622418349396035
